

HPF old Margin: 0.011546718929606608 
HPF New Margin: 0.015567615995741163 
HPF Margin Change: 0.004020897066134555 

Orginal Margin: 0.011546718929606608  
RBF Margin: 0.013235575856516127  
Margin Change: 0.0016888569269095186  


Accuracy HPF : 0.6  
Sensitivety HPF : 0.6833333333333333  
Specificity HPF : 0.35  


Accuracy RBF : 0.5416666666666667  
Sensitivety RBF : 0.6166666666666666  
Specificity RBF : 0.26666666666666666  


Accuracy SVM : 0.725
Sensitivety SVM : 0.5833333333333333 
Specificity SVM : 0.7166666666666666 
RBF DATA 
K-fold nr 0 
SVM : {'cancer': {'TP': [], 'TN': [18, 15, 18, 12, 28, 13, 11, 20, 20, 21], 'FP': [5, 7, 5, 2, 1, 4, 1, 4, 5, 2], 'FN': [0, 3, 3, 1, 1, 1, 1, 0, 0, 2]}, 'liver': {'TP': [8, 8, 7, 8, 4, 5, 8, 9, 7, 8], 'TN': [19, 22, 15, 18, 15, 19, 19, 13, 18, 9], 'FP': [2, 1, 5, 2, 4, 2, 3, 3, 0, 11], 'FN': [6, 4, 8, 7, 11, 8, 4, 9, 9, 6]}, 'bmi': {'TP': [1, 0, 0, 1, 1, 2, 0, 3, 3, 2], 'TN': [2, 2, 3, 0, 3, 2, 1, 1, 0, 1], 'FP': [0, 1, 0, 1, 0, 0, 1, 0, 1, 0], 'FN': [1, 1, 1, 2, 0, 0, 2, 0, 0, 0]}} 
HPF : {'cancer': {'TP': [27, 23, 20, 35, 16, 34, 40, 26, 29, 31], 'TN': [11, 5, 7, 5, 9, 1, 5, 4, 5, 8], 'FP': [12, 17, 16, 9, 20, 16, 7, 20, 20, 15], 'FN': [7, 12, 14, 8, 12, 6, 5, 7, 3, 2]}, 'liver': {'TP': [4, 4, 6, 11, 10, 9, 11, 14, 14, 12], 'TN': [16, 15, 13, 6, 5, 5, 4, 1, 4, 2], 'FP': [5, 8, 7, 14, 14, 16, 18, 15, 14, 18], 'FN': [10, 8, 9, 4, 5, 4, 1, 4, 2, 2]}, 'bmi': {'TP': [1, 0, 0, 2, 1, 2, 2, 2, 3, 2], 'TN': [1, 2, 1, 0, 3, 0, 0, 0, 0, 1], 'FP': [1, 1, 2, 1, 0, 2, 2, 1, 1, 0], 'FN': [1, 1, 1, 1, 0, 0, 0, 1, 0, 0]}} 
RBF : {'cancer': {'TP': [34, 33, 34, 43, 28, 40, 45, 33, 32, 33], 'TN': [18, 15, 1, 1, 1, 0, 2, 0, 1, 2], 'FP': [5, 7, 22, 13, 28, 17, 10, 24, 24, 21], 'FN': [0, 2, 0, 0, 0, 0, 0, 0, 0, 0]}, 'liver': {'TP': [7, 8, 7, 8, 6, 7, 9, 9, 7, 8], 'TN': [19, 22, 16, 18, 14, 16, 17, 12, 17, 10], 'FP': [2, 1, 4, 2, 5, 5, 5, 4, 1, 10], 'FN': [7, 4, 8, 7, 9, 6, 3, 9, 9, 6]}, 'bmi': {'TP': [1, 0, 0, 2, 1, 2, 0, 3, 3, 2], 'TN': [2, 2, 3, 0, 0, 0, 0, 0, 0, 0], 'FP': [0, 1, 0, 1, 3, 2, 2, 1, 1, 1], 'FN': [1, 1, 1, 1, 0, 0, 2, 0, 0, 0]}} 

K-fold nr 0 
SVM : {'cancer': {'TP': [], 'TN': [18, 15, 18, 12, 28, 13, 11, 20, 20, 21], 'FP': [5, 7, 5, 2, 1, 4, 1, 4, 5, 2], 'FN': [0, 3, 3, 1, 1, 1, 1, 0, 0, 2]}, 'liver': {'TP': [8, 8, 7, 8, 4, 5, 8, 9, 7, 8], 'TN': [19, 22, 15, 18, 15, 19, 19, 13, 18, 9], 'FP': [2, 1, 5, 2, 4, 2, 3, 3, 0, 11], 'FN': [6, 4, 8, 7, 11, 8, 4, 9, 9, 6]}, 'bmi': {'TP': [1, 0, 0, 1, 1, 2, 0, 3, 3, 2], 'TN': [2, 2, 3, 0, 3, 2, 1, 1, 0, 1], 'FP': [0, 1, 0, 1, 0, 0, 1, 0, 1, 0], 'FN': [1, 1, 1, 2, 0, 0, 2, 0, 0, 0]}} 
HPF : {'cancer': {'TP': [27, 23, 20, 35, 16, 34, 40, 26, 29, 31], 'TN': [11, 5, 7, 5, 9, 1, 5, 4, 5, 8], 'FP': [12, 17, 16, 9, 20, 16, 7, 20, 20, 15], 'FN': [7, 12, 14, 8, 12, 6, 5, 7, 3, 2]}, 'liver': {'TP': [4, 4, 6, 11, 10, 9, 11, 14, 14, 12], 'TN': [16, 15, 13, 6, 5, 5, 4, 1, 4, 2], 'FP': [5, 8, 7, 14, 14, 16, 18, 15, 14, 18], 'FN': [10, 8, 9, 4, 5, 4, 1, 4, 2, 2]}, 'bmi': {'TP': [1, 0, 0, 2, 1, 2, 2, 2, 3, 2], 'TN': [1, 2, 1, 0, 3, 0, 0, 0, 0, 1], 'FP': [1, 1, 2, 1, 0, 2, 2, 1, 1, 0], 'FN': [1, 1, 1, 1, 0, 0, 0, 1, 0, 0]}} 
RBF : {'cancer': {'TP': [34, 33, 34, 43, 28, 40, 45, 33, 32, 33], 'TN': [18, 15, 1, 1, 1, 0, 2, 0, 1, 2], 'FP': [5, 7, 22, 13, 28, 17, 10, 24, 24, 21], 'FN': [0, 2, 0, 0, 0, 0, 0, 0, 0, 0]}, 'liver': {'TP': [7, 8, 7, 8, 6, 7, 9, 9, 7, 8], 'TN': [19, 22, 16, 18, 14, 16, 17, 12, 17, 10], 'FP': [2, 1, 4, 2, 5, 5, 5, 4, 1, 10], 'FN': [7, 4, 8, 7, 9, 6, 3, 9, 9, 6]}, 'bmi': {'TP': [1, 0, 0, 2, 1, 2, 0, 3, 3, 2], 'TN': [2, 2, 3, 0, 0, 0, 0, 0, 0, 0], 'FP': [0, 1, 0, 1, 3, 2, 2, 1, 1, 1], 'FN': [1, 1, 1, 1, 0, 0, 2, 0, 0, 0]}} 

K-fold nr 0 
SVM : {'cancer': {'TP': [], 'TN': [18, 15, 18, 12, 28, 13, 11, 20, 20, 21], 'FP': [5, 7, 5, 2, 1, 4, 1, 4, 5, 2], 'FN': [0, 3, 3, 1, 1, 1, 1, 0, 0, 2]}, 'liver': {'TP': [8, 8, 7, 8, 4, 5, 8, 9, 7, 8], 'TN': [19, 22, 15, 18, 15, 19, 19, 13, 18, 9], 'FP': [2, 1, 5, 2, 4, 2, 3, 3, 0, 11], 'FN': [6, 4, 8, 7, 11, 8, 4, 9, 9, 6]}, 'bmi': {'TP': [1, 0, 0, 1, 1, 2, 0, 3, 3, 2], 'TN': [2, 2, 3, 0, 3, 2, 1, 1, 0, 1], 'FP': [0, 1, 0, 1, 0, 0, 1, 0, 1, 0], 'FN': [1, 1, 1, 2, 0, 0, 2, 0, 0, 0]}} 
HPF : {'cancer': {'TP': [27, 23, 20, 35, 16, 34, 40, 26, 29, 31], 'TN': [11, 5, 7, 5, 9, 1, 5, 4, 5, 8], 'FP': [12, 17, 16, 9, 20, 16, 7, 20, 20, 15], 'FN': [7, 12, 14, 8, 12, 6, 5, 7, 3, 2]}, 'liver': {'TP': [4, 4, 6, 11, 10, 9, 11, 14, 14, 12], 'TN': [16, 15, 13, 6, 5, 5, 4, 1, 4, 2], 'FP': [5, 8, 7, 14, 14, 16, 18, 15, 14, 18], 'FN': [10, 8, 9, 4, 5, 4, 1, 4, 2, 2]}, 'bmi': {'TP': [1, 0, 0, 2, 1, 2, 2, 2, 3, 2], 'TN': [1, 2, 1, 0, 3, 0, 0, 0, 0, 1], 'FP': [1, 1, 2, 1, 0, 2, 2, 1, 1, 0], 'FN': [1, 1, 1, 1, 0, 0, 0, 1, 0, 0]}} 
RBF : {'cancer': {'TP': [34, 33, 34, 43, 28, 40, 45, 33, 32, 33], 'TN': [18, 15, 1, 1, 1, 0, 2, 0, 1, 2], 'FP': [5, 7, 22, 13, 28, 17, 10, 24, 24, 21], 'FN': [0, 2, 0, 0, 0, 0, 0, 0, 0, 0]}, 'liver': {'TP': [7, 8, 7, 8, 6, 7, 9, 9, 7, 8], 'TN': [19, 22, 16, 18, 14, 16, 17, 12, 17, 10], 'FP': [2, 1, 4, 2, 5, 5, 5, 4, 1, 10], 'FN': [7, 4, 8, 7, 9, 6, 3, 9, 9, 6]}, 'bmi': {'TP': [1, 0, 0, 2, 1, 2, 0, 3, 3, 2], 'TN': [2, 2, 3, 0, 0, 0, 0, 0, 0, 0], 'FP': [0, 1, 0, 1, 3, 2, 2, 1, 1, 1], 'FN': [1, 1, 1, 1, 0, 0, 2, 0, 0, 0]}} 

K-fold nr 0 
SVM : {'cancer': {'TP': [], 'TN': [18, 15, 18, 12, 28, 13, 11, 20, 20, 21], 'FP': [5, 7, 5, 2, 1, 4, 1, 4, 5, 2], 'FN': [0, 3, 3, 1, 1, 1, 1, 0, 0, 2]}, 'liver': {'TP': [8, 8, 7, 8, 4, 5, 8, 9, 7, 8], 'TN': [19, 22, 15, 18, 15, 19, 19, 13, 18, 9], 'FP': [2, 1, 5, 2, 4, 2, 3, 3, 0, 11], 'FN': [6, 4, 8, 7, 11, 8, 4, 9, 9, 6]}, 'bmi': {'TP': [1, 0, 0, 1, 1, 2, 0, 3, 3, 2], 'TN': [2, 2, 3, 0, 3, 2, 1, 1, 0, 1], 'FP': [0, 1, 0, 1, 0, 0, 1, 0, 1, 0], 'FN': [1, 1, 1, 2, 0, 0, 2, 0, 0, 0]}} 
HPF : {'cancer': {'TP': [27, 23, 20, 35, 16, 34, 40, 26, 29, 31], 'TN': [11, 5, 7, 5, 9, 1, 5, 4, 5, 8], 'FP': [12, 17, 16, 9, 20, 16, 7, 20, 20, 15], 'FN': [7, 12, 14, 8, 12, 6, 5, 7, 3, 2]}, 'liver': {'TP': [4, 4, 6, 11, 10, 9, 11, 14, 14, 12], 'TN': [16, 15, 13, 6, 5, 5, 4, 1, 4, 2], 'FP': [5, 8, 7, 14, 14, 16, 18, 15, 14, 18], 'FN': [10, 8, 9, 4, 5, 4, 1, 4, 2, 2]}, 'bmi': {'TP': [1, 0, 0, 2, 1, 2, 2, 2, 3, 2], 'TN': [1, 2, 1, 0, 3, 0, 0, 0, 0, 1], 'FP': [1, 1, 2, 1, 0, 2, 2, 1, 1, 0], 'FN': [1, 1, 1, 1, 0, 0, 0, 1, 0, 0]}} 
RBF : {'cancer': {'TP': [34, 33, 34, 43, 28, 40, 45, 33, 32, 33], 'TN': [18, 15, 1, 1, 1, 0, 2, 0, 1, 2], 'FP': [5, 7, 22, 13, 28, 17, 10, 24, 24, 21], 'FN': [0, 2, 0, 0, 0, 0, 0, 0, 0, 0]}, 'liver': {'TP': [7, 8, 7, 8, 6, 7, 9, 9, 7, 8], 'TN': [19, 22, 16, 18, 14, 16, 17, 12, 17, 10], 'FP': [2, 1, 4, 2, 5, 5, 5, 4, 1, 10], 'FN': [7, 4, 8, 7, 9, 6, 3, 9, 9, 6]}, 'bmi': {'TP': [1, 0, 0, 2, 1, 2, 0, 3, 3, 2], 'TN': [2, 2, 3, 0, 0, 0, 0, 0, 0, 0], 'FP': [0, 1, 0, 1, 3, 2, 2, 1, 1, 1], 'FN': [1, 1, 1, 1, 0, 0, 2, 0, 0, 0]}} 

K-fold nr 0 
SVM : {'cancer': {'TP': [], 'TN': [18, 15, 18, 12, 28, 13, 11, 20, 20, 21], 'FP': [5, 7, 5, 2, 1, 4, 1, 4, 5, 2], 'FN': [0, 3, 3, 1, 1, 1, 1, 0, 0, 2]}, 'liver': {'TP': [8, 8, 7, 8, 4, 5, 8, 9, 7, 8], 'TN': [19, 22, 15, 18, 15, 19, 19, 13, 18, 9], 'FP': [2, 1, 5, 2, 4, 2, 3, 3, 0, 11], 'FN': [6, 4, 8, 7, 11, 8, 4, 9, 9, 6]}, 'bmi': {'TP': [1, 0, 0, 1, 1, 2, 0, 3, 3, 2], 'TN': [2, 2, 3, 0, 3, 2, 1, 1, 0, 1], 'FP': [0, 1, 0, 1, 0, 0, 1, 0, 1, 0], 'FN': [1, 1, 1, 2, 0, 0, 2, 0, 0, 0]}} 
HPF : {'cancer': {'TP': [27, 23, 20, 35, 16, 34, 40, 26, 29, 31], 'TN': [11, 5, 7, 5, 9, 1, 5, 4, 5, 8], 'FP': [12, 17, 16, 9, 20, 16, 7, 20, 20, 15], 'FN': [7, 12, 14, 8, 12, 6, 5, 7, 3, 2]}, 'liver': {'TP': [4, 4, 6, 11, 10, 9, 11, 14, 14, 12], 'TN': [16, 15, 13, 6, 5, 5, 4, 1, 4, 2], 'FP': [5, 8, 7, 14, 14, 16, 18, 15, 14, 18], 'FN': [10, 8, 9, 4, 5, 4, 1, 4, 2, 2]}, 'bmi': {'TP': [1, 0, 0, 2, 1, 2, 2, 2, 3, 2], 'TN': [1, 2, 1, 0, 3, 0, 0, 0, 0, 1], 'FP': [1, 1, 2, 1, 0, 2, 2, 1, 1, 0], 'FN': [1, 1, 1, 1, 0, 0, 0, 1, 0, 0]}} 
RBF : {'cancer': {'TP': [34, 33, 34, 43, 28, 40, 45, 33, 32, 33], 'TN': [18, 15, 1, 1, 1, 0, 2, 0, 1, 2], 'FP': [5, 7, 22, 13, 28, 17, 10, 24, 24, 21], 'FN': [0, 2, 0, 0, 0, 0, 0, 0, 0, 0]}, 'liver': {'TP': [7, 8, 7, 8, 6, 7, 9, 9, 7, 8], 'TN': [19, 22, 16, 18, 14, 16, 17, 12, 17, 10], 'FP': [2, 1, 4, 2, 5, 5, 5, 4, 1, 10], 'FN': [7, 4, 8, 7, 9, 6, 3, 9, 9, 6]}, 'bmi': {'TP': [1, 0, 0, 2, 1, 2, 0, 3, 3, 2], 'TN': [2, 2, 3, 0, 0, 0, 0, 0, 0, 0], 'FP': [0, 1, 0, 1, 3, 2, 2, 1, 1, 1], 'FN': [1, 1, 1, 1, 0, 0, 2, 0, 0, 0]}} 

K-fold nr 0 
SVM : {'cancer': {'TP': [], 'TN': [18, 15, 18, 12, 28, 13, 11, 20, 20, 21], 'FP': [5, 7, 5, 2, 1, 4, 1, 4, 5, 2], 'FN': [0, 3, 3, 1, 1, 1, 1, 0, 0, 2]}, 'liver': {'TP': [8, 8, 7, 8, 4, 5, 8, 9, 7, 8], 'TN': [19, 22, 15, 18, 15, 19, 19, 13, 18, 9], 'FP': [2, 1, 5, 2, 4, 2, 3, 3, 0, 11], 'FN': [6, 4, 8, 7, 11, 8, 4, 9, 9, 6]}, 'bmi': {'TP': [1, 0, 0, 1, 1, 2, 0, 3, 3, 2], 'TN': [2, 2, 3, 0, 3, 2, 1, 1, 0, 1], 'FP': [0, 1, 0, 1, 0, 0, 1, 0, 1, 0], 'FN': [1, 1, 1, 2, 0, 0, 2, 0, 0, 0]}} 
HPF : {'cancer': {'TP': [27, 23, 20, 35, 16, 34, 40, 26, 29, 31], 'TN': [11, 5, 7, 5, 9, 1, 5, 4, 5, 8], 'FP': [12, 17, 16, 9, 20, 16, 7, 20, 20, 15], 'FN': [7, 12, 14, 8, 12, 6, 5, 7, 3, 2]}, 'liver': {'TP': [4, 4, 6, 11, 10, 9, 11, 14, 14, 12], 'TN': [16, 15, 13, 6, 5, 5, 4, 1, 4, 2], 'FP': [5, 8, 7, 14, 14, 16, 18, 15, 14, 18], 'FN': [10, 8, 9, 4, 5, 4, 1, 4, 2, 2]}, 'bmi': {'TP': [1, 0, 0, 2, 1, 2, 2, 2, 3, 2], 'TN': [1, 2, 1, 0, 3, 0, 0, 0, 0, 1], 'FP': [1, 1, 2, 1, 0, 2, 2, 1, 1, 0], 'FN': [1, 1, 1, 1, 0, 0, 0, 1, 0, 0]}} 
RBF : {'cancer': {'TP': [34, 33, 34, 43, 28, 40, 45, 33, 32, 33], 'TN': [18, 15, 1, 1, 1, 0, 2, 0, 1, 2], 'FP': [5, 7, 22, 13, 28, 17, 10, 24, 24, 21], 'FN': [0, 2, 0, 0, 0, 0, 0, 0, 0, 0]}, 'liver': {'TP': [7, 8, 7, 8, 6, 7, 9, 9, 7, 8], 'TN': [19, 22, 16, 18, 14, 16, 17, 12, 17, 10], 'FP': [2, 1, 4, 2, 5, 5, 5, 4, 1, 10], 'FN': [7, 4, 8, 7, 9, 6, 3, 9, 9, 6]}, 'bmi': {'TP': [1, 0, 0, 2, 1, 2, 0, 3, 3, 2], 'TN': [2, 2, 3, 0, 0, 0, 0, 0, 0, 0], 'FP': [0, 1, 0, 1, 3, 2, 2, 1, 1, 1], 'FN': [1, 1, 1, 1, 0, 0, 2, 0, 0, 0]}} 

K-fold nr 0 
SVM : {'cancer': {'TP': [], 'TN': [18, 15, 18, 12, 28, 13, 11, 20, 20, 21], 'FP': [5, 7, 5, 2, 1, 4, 1, 4, 5, 2], 'FN': [0, 3, 3, 1, 1, 1, 1, 0, 0, 2]}, 'liver': {'TP': [8, 8, 7, 8, 4, 5, 8, 9, 7, 8], 'TN': [19, 22, 15, 18, 15, 19, 19, 13, 18, 9], 'FP': [2, 1, 5, 2, 4, 2, 3, 3, 0, 11], 'FN': [6, 4, 8, 7, 11, 8, 4, 9, 9, 6]}, 'bmi': {'TP': [1, 0, 0, 1, 1, 2, 0, 3, 3, 2], 'TN': [2, 2, 3, 0, 3, 2, 1, 1, 0, 1], 'FP': [0, 1, 0, 1, 0, 0, 1, 0, 1, 0], 'FN': [1, 1, 1, 2, 0, 0, 2, 0, 0, 0]}} 
HPF : {'cancer': {'TP': [27, 23, 20, 35, 16, 34, 40, 26, 29, 31], 'TN': [11, 5, 7, 5, 9, 1, 5, 4, 5, 8], 'FP': [12, 17, 16, 9, 20, 16, 7, 20, 20, 15], 'FN': [7, 12, 14, 8, 12, 6, 5, 7, 3, 2]}, 'liver': {'TP': [4, 4, 6, 11, 10, 9, 11, 14, 14, 12], 'TN': [16, 15, 13, 6, 5, 5, 4, 1, 4, 2], 'FP': [5, 8, 7, 14, 14, 16, 18, 15, 14, 18], 'FN': [10, 8, 9, 4, 5, 4, 1, 4, 2, 2]}, 'bmi': {'TP': [1, 0, 0, 2, 1, 2, 2, 2, 3, 2], 'TN': [1, 2, 1, 0, 3, 0, 0, 0, 0, 1], 'FP': [1, 1, 2, 1, 0, 2, 2, 1, 1, 0], 'FN': [1, 1, 1, 1, 0, 0, 0, 1, 0, 0]}} 
RBF : {'cancer': {'TP': [34, 33, 34, 43, 28, 40, 45, 33, 32, 33], 'TN': [18, 15, 1, 1, 1, 0, 2, 0, 1, 2], 'FP': [5, 7, 22, 13, 28, 17, 10, 24, 24, 21], 'FN': [0, 2, 0, 0, 0, 0, 0, 0, 0, 0]}, 'liver': {'TP': [7, 8, 7, 8, 6, 7, 9, 9, 7, 8], 'TN': [19, 22, 16, 18, 14, 16, 17, 12, 17, 10], 'FP': [2, 1, 4, 2, 5, 5, 5, 4, 1, 10], 'FN': [7, 4, 8, 7, 9, 6, 3, 9, 9, 6]}, 'bmi': {'TP': [1, 0, 0, 2, 1, 2, 0, 3, 3, 2], 'TN': [2, 2, 3, 0, 0, 0, 0, 0, 0, 0], 'FP': [0, 1, 0, 1, 3, 2, 2, 1, 1, 1], 'FN': [1, 1, 1, 1, 0, 0, 2, 0, 0, 0]}} 

K-fold nr 0 
SVM : {'cancer': {'TP': [], 'TN': [18, 15, 18, 12, 28, 13, 11, 20, 20, 21], 'FP': [5, 7, 5, 2, 1, 4, 1, 4, 5, 2], 'FN': [0, 3, 3, 1, 1, 1, 1, 0, 0, 2]}, 'liver': {'TP': [8, 8, 7, 8, 4, 5, 8, 9, 7, 8], 'TN': [19, 22, 15, 18, 15, 19, 19, 13, 18, 9], 'FP': [2, 1, 5, 2, 4, 2, 3, 3, 0, 11], 'FN': [6, 4, 8, 7, 11, 8, 4, 9, 9, 6]}, 'bmi': {'TP': [1, 0, 0, 1, 1, 2, 0, 3, 3, 2], 'TN': [2, 2, 3, 0, 3, 2, 1, 1, 0, 1], 'FP': [0, 1, 0, 1, 0, 0, 1, 0, 1, 0], 'FN': [1, 1, 1, 2, 0, 0, 2, 0, 0, 0]}} 
HPF : {'cancer': {'TP': [27, 23, 20, 35, 16, 34, 40, 26, 29, 31], 'TN': [11, 5, 7, 5, 9, 1, 5, 4, 5, 8], 'FP': [12, 17, 16, 9, 20, 16, 7, 20, 20, 15], 'FN': [7, 12, 14, 8, 12, 6, 5, 7, 3, 2]}, 'liver': {'TP': [4, 4, 6, 11, 10, 9, 11, 14, 14, 12], 'TN': [16, 15, 13, 6, 5, 5, 4, 1, 4, 2], 'FP': [5, 8, 7, 14, 14, 16, 18, 15, 14, 18], 'FN': [10, 8, 9, 4, 5, 4, 1, 4, 2, 2]}, 'bmi': {'TP': [1, 0, 0, 2, 1, 2, 2, 2, 3, 2], 'TN': [1, 2, 1, 0, 3, 0, 0, 0, 0, 1], 'FP': [1, 1, 2, 1, 0, 2, 2, 1, 1, 0], 'FN': [1, 1, 1, 1, 0, 0, 0, 1, 0, 0]}} 
RBF : {'cancer': {'TP': [34, 33, 34, 43, 28, 40, 45, 33, 32, 33], 'TN': [18, 15, 1, 1, 1, 0, 2, 0, 1, 2], 'FP': [5, 7, 22, 13, 28, 17, 10, 24, 24, 21], 'FN': [0, 2, 0, 0, 0, 0, 0, 0, 0, 0]}, 'liver': {'TP': [7, 8, 7, 8, 6, 7, 9, 9, 7, 8], 'TN': [19, 22, 16, 18, 14, 16, 17, 12, 17, 10], 'FP': [2, 1, 4, 2, 5, 5, 5, 4, 1, 10], 'FN': [7, 4, 8, 7, 9, 6, 3, 9, 9, 6]}, 'bmi': {'TP': [1, 0, 0, 2, 1, 2, 0, 3, 3, 2], 'TN': [2, 2, 3, 0, 0, 0, 0, 0, 0, 0], 'FP': [0, 1, 0, 1, 3, 2, 2, 1, 1, 1], 'FN': [1, 1, 1, 1, 0, 0, 2, 0, 0, 0]}} 

K-fold nr 0 
SVM : {'cancer': {'TP': [], 'TN': [18, 15, 18, 12, 28, 13, 11, 20, 20, 21], 'FP': [5, 7, 5, 2, 1, 4, 1, 4, 5, 2], 'FN': [0, 3, 3, 1, 1, 1, 1, 0, 0, 2]}, 'liver': {'TP': [8, 8, 7, 8, 4, 5, 8, 9, 7, 8], 'TN': [19, 22, 15, 18, 15, 19, 19, 13, 18, 9], 'FP': [2, 1, 5, 2, 4, 2, 3, 3, 0, 11], 'FN': [6, 4, 8, 7, 11, 8, 4, 9, 9, 6]}, 'bmi': {'TP': [1, 0, 0, 1, 1, 2, 0, 3, 3, 2], 'TN': [2, 2, 3, 0, 3, 2, 1, 1, 0, 1], 'FP': [0, 1, 0, 1, 0, 0, 1, 0, 1, 0], 'FN': [1, 1, 1, 2, 0, 0, 2, 0, 0, 0]}} 
HPF : {'cancer': {'TP': [27, 23, 20, 35, 16, 34, 40, 26, 29, 31], 'TN': [11, 5, 7, 5, 9, 1, 5, 4, 5, 8], 'FP': [12, 17, 16, 9, 20, 16, 7, 20, 20, 15], 'FN': [7, 12, 14, 8, 12, 6, 5, 7, 3, 2]}, 'liver': {'TP': [4, 4, 6, 11, 10, 9, 11, 14, 14, 12], 'TN': [16, 15, 13, 6, 5, 5, 4, 1, 4, 2], 'FP': [5, 8, 7, 14, 14, 16, 18, 15, 14, 18], 'FN': [10, 8, 9, 4, 5, 4, 1, 4, 2, 2]}, 'bmi': {'TP': [1, 0, 0, 2, 1, 2, 2, 2, 3, 2], 'TN': [1, 2, 1, 0, 3, 0, 0, 0, 0, 1], 'FP': [1, 1, 2, 1, 0, 2, 2, 1, 1, 0], 'FN': [1, 1, 1, 1, 0, 0, 0, 1, 0, 0]}} 
RBF : {'cancer': {'TP': [34, 33, 34, 43, 28, 40, 45, 33, 32, 33], 'TN': [18, 15, 1, 1, 1, 0, 2, 0, 1, 2], 'FP': [5, 7, 22, 13, 28, 17, 10, 24, 24, 21], 'FN': [0, 2, 0, 0, 0, 0, 0, 0, 0, 0]}, 'liver': {'TP': [7, 8, 7, 8, 6, 7, 9, 9, 7, 8], 'TN': [19, 22, 16, 18, 14, 16, 17, 12, 17, 10], 'FP': [2, 1, 4, 2, 5, 5, 5, 4, 1, 10], 'FN': [7, 4, 8, 7, 9, 6, 3, 9, 9, 6]}, 'bmi': {'TP': [1, 0, 0, 2, 1, 2, 0, 3, 3, 2], 'TN': [2, 2, 3, 0, 0, 0, 0, 0, 0, 0], 'FP': [0, 1, 0, 1, 3, 2, 2, 1, 1, 1], 'FN': [1, 1, 1, 1, 0, 0, 2, 0, 0, 0]}} 

K-fold nr 0 
SVM : {'cancer': {'TP': [], 'TN': [18, 15, 18, 12, 28, 13, 11, 20, 20, 21], 'FP': [5, 7, 5, 2, 1, 4, 1, 4, 5, 2], 'FN': [0, 3, 3, 1, 1, 1, 1, 0, 0, 2]}, 'liver': {'TP': [8, 8, 7, 8, 4, 5, 8, 9, 7, 8], 'TN': [19, 22, 15, 18, 15, 19, 19, 13, 18, 9], 'FP': [2, 1, 5, 2, 4, 2, 3, 3, 0, 11], 'FN': [6, 4, 8, 7, 11, 8, 4, 9, 9, 6]}, 'bmi': {'TP': [1, 0, 0, 1, 1, 2, 0, 3, 3, 2], 'TN': [2, 2, 3, 0, 3, 2, 1, 1, 0, 1], 'FP': [0, 1, 0, 1, 0, 0, 1, 0, 1, 0], 'FN': [1, 1, 1, 2, 0, 0, 2, 0, 0, 0]}} 
HPF : {'cancer': {'TP': [27, 23, 20, 35, 16, 34, 40, 26, 29, 31], 'TN': [11, 5, 7, 5, 9, 1, 5, 4, 5, 8], 'FP': [12, 17, 16, 9, 20, 16, 7, 20, 20, 15], 'FN': [7, 12, 14, 8, 12, 6, 5, 7, 3, 2]}, 'liver': {'TP': [4, 4, 6, 11, 10, 9, 11, 14, 14, 12], 'TN': [16, 15, 13, 6, 5, 5, 4, 1, 4, 2], 'FP': [5, 8, 7, 14, 14, 16, 18, 15, 14, 18], 'FN': [10, 8, 9, 4, 5, 4, 1, 4, 2, 2]}, 'bmi': {'TP': [1, 0, 0, 2, 1, 2, 2, 2, 3, 2], 'TN': [1, 2, 1, 0, 3, 0, 0, 0, 0, 1], 'FP': [1, 1, 2, 1, 0, 2, 2, 1, 1, 0], 'FN': [1, 1, 1, 1, 0, 0, 0, 1, 0, 0]}} 
RBF : {'cancer': {'TP': [34, 33, 34, 43, 28, 40, 45, 33, 32, 33], 'TN': [18, 15, 1, 1, 1, 0, 2, 0, 1, 2], 'FP': [5, 7, 22, 13, 28, 17, 10, 24, 24, 21], 'FN': [0, 2, 0, 0, 0, 0, 0, 0, 0, 0]}, 'liver': {'TP': [7, 8, 7, 8, 6, 7, 9, 9, 7, 8], 'TN': [19, 22, 16, 18, 14, 16, 17, 12, 17, 10], 'FP': [2, 1, 4, 2, 5, 5, 5, 4, 1, 10], 'FN': [7, 4, 8, 7, 9, 6, 3, 9, 9, 6]}, 'bmi': {'TP': [1, 0, 0, 2, 1, 2, 0, 3, 3, 2], 'TN': [2, 2, 3, 0, 0, 0, 0, 0, 0, 0], 'FP': [0, 1, 0, 1, 3, 2, 2, 1, 1, 1], 'FN': [1, 1, 1, 1, 0, 0, 2, 0, 0, 0]}} 



HPF DATA
K-fold nr 0 
SVM : {'cancer': {'TP': [], 'TN': [18, 15, 18, 12, 28, 13, 11, 20, 20, 21], 'FP': [5, 7, 5, 2, 1, 4, 1, 4, 5, 2], 'FN': [0, 3, 3, 1, 1, 1, 1, 0, 0, 2]}, 'liver': {'TP': [8, 8, 7, 8, 4, 5, 8, 9, 7, 8], 'TN': [19, 22, 15, 18, 15, 19, 19, 13, 18, 9], 'FP': [2, 1, 5, 2, 4, 2, 3, 3, 0, 11], 'FN': [6, 4, 8, 7, 11, 8, 4, 9, 9, 6]}, 'bmi': {'TP': [1, 0, 0, 1, 1, 2, 0, 3, 3, 2], 'TN': [2, 2, 3, 0, 3, 2, 1, 1, 0, 1], 'FP': [0, 1, 0, 1, 0, 0, 1, 0, 1, 0], 'FN': [1, 1, 1, 2, 0, 0, 2, 0, 0, 0]}} 
HPF : {'cancer': {'TP': [27, 23, 20, 35, 16, 34, 40, 26, 29, 31], 'TN': [11, 5, 7, 5, 9, 1, 5, 4, 5, 8], 'FP': [12, 17, 16, 9, 20, 16, 7, 20, 20, 15], 'FN': [7, 12, 14, 8, 12, 6, 5, 7, 3, 2]}, 'liver': {'TP': [4, 4, 6, 11, 10, 9, 11, 14, 14, 12], 'TN': [16, 15, 13, 6, 5, 5, 4, 1, 4, 2], 'FP': [5, 8, 7, 14, 14, 16, 18, 15, 14, 18], 'FN': [10, 8, 9, 4, 5, 4, 1, 4, 2, 2]}, 'bmi': {'TP': [1, 0, 0, 2, 1, 2, 2, 2, 3, 2], 'TN': [1, 2, 1, 0, 3, 0, 0, 0, 0, 1], 'FP': [1, 1, 2, 1, 0, 2, 2, 1, 1, 0], 'FN': [1, 1, 1, 1, 0, 0, 0, 1, 0, 0]}} 
RBF : {'cancer': {'TP': [34, 33, 34, 43, 28, 40, 45, 33, 32, 33], 'TN': [18, 15, 1, 1, 1, 0, 2, 0, 1, 2], 'FP': [5, 7, 22, 13, 28, 17, 10, 24, 24, 21], 'FN': [0, 2, 0, 0, 0, 0, 0, 0, 0, 0]}, 'liver': {'TP': [7, 8, 7, 8, 6, 7, 9, 9, 7, 8], 'TN': [19, 22, 16, 18, 14, 16, 17, 12, 17, 10], 'FP': [2, 1, 4, 2, 5, 5, 5, 4, 1, 10], 'FN': [7, 4, 8, 7, 9, 6, 3, 9, 9, 6]}, 'bmi': {'TP': [1, 0, 0, 2, 1, 2, 0, 3, 3, 2], 'TN': [2, 2, 3, 0, 0, 0, 0, 0, 0, 0], 'FP': [0, 1, 0, 1, 3, 2, 2, 1, 1, 1], 'FN': [1, 1, 1, 1, 0, 0, 2, 0, 0, 0]}} 

K-fold nr 0 
SVM : {'cancer': {'TP': [], 'TN': [18, 15, 18, 12, 28, 13, 11, 20, 20, 21], 'FP': [5, 7, 5, 2, 1, 4, 1, 4, 5, 2], 'FN': [0, 3, 3, 1, 1, 1, 1, 0, 0, 2]}, 'liver': {'TP': [8, 8, 7, 8, 4, 5, 8, 9, 7, 8], 'TN': [19, 22, 15, 18, 15, 19, 19, 13, 18, 9], 'FP': [2, 1, 5, 2, 4, 2, 3, 3, 0, 11], 'FN': [6, 4, 8, 7, 11, 8, 4, 9, 9, 6]}, 'bmi': {'TP': [1, 0, 0, 1, 1, 2, 0, 3, 3, 2], 'TN': [2, 2, 3, 0, 3, 2, 1, 1, 0, 1], 'FP': [0, 1, 0, 1, 0, 0, 1, 0, 1, 0], 'FN': [1, 1, 1, 2, 0, 0, 2, 0, 0, 0]}} 
HPF : {'cancer': {'TP': [27, 23, 20, 35, 16, 34, 40, 26, 29, 31], 'TN': [11, 5, 7, 5, 9, 1, 5, 4, 5, 8], 'FP': [12, 17, 16, 9, 20, 16, 7, 20, 20, 15], 'FN': [7, 12, 14, 8, 12, 6, 5, 7, 3, 2]}, 'liver': {'TP': [4, 4, 6, 11, 10, 9, 11, 14, 14, 12], 'TN': [16, 15, 13, 6, 5, 5, 4, 1, 4, 2], 'FP': [5, 8, 7, 14, 14, 16, 18, 15, 14, 18], 'FN': [10, 8, 9, 4, 5, 4, 1, 4, 2, 2]}, 'bmi': {'TP': [1, 0, 0, 2, 1, 2, 2, 2, 3, 2], 'TN': [1, 2, 1, 0, 3, 0, 0, 0, 0, 1], 'FP': [1, 1, 2, 1, 0, 2, 2, 1, 1, 0], 'FN': [1, 1, 1, 1, 0, 0, 0, 1, 0, 0]}} 
RBF : {'cancer': {'TP': [34, 33, 34, 43, 28, 40, 45, 33, 32, 33], 'TN': [18, 15, 1, 1, 1, 0, 2, 0, 1, 2], 'FP': [5, 7, 22, 13, 28, 17, 10, 24, 24, 21], 'FN': [0, 2, 0, 0, 0, 0, 0, 0, 0, 0]}, 'liver': {'TP': [7, 8, 7, 8, 6, 7, 9, 9, 7, 8], 'TN': [19, 22, 16, 18, 14, 16, 17, 12, 17, 10], 'FP': [2, 1, 4, 2, 5, 5, 5, 4, 1, 10], 'FN': [7, 4, 8, 7, 9, 6, 3, 9, 9, 6]}, 'bmi': {'TP': [1, 0, 0, 2, 1, 2, 0, 3, 3, 2], 'TN': [2, 2, 3, 0, 0, 0, 0, 0, 0, 0], 'FP': [0, 1, 0, 1, 3, 2, 2, 1, 1, 1], 'FN': [1, 1, 1, 1, 0, 0, 2, 0, 0, 0]}} 

K-fold nr 0 
SVM : {'cancer': {'TP': [], 'TN': [18, 15, 18, 12, 28, 13, 11, 20, 20, 21], 'FP': [5, 7, 5, 2, 1, 4, 1, 4, 5, 2], 'FN': [0, 3, 3, 1, 1, 1, 1, 0, 0, 2]}, 'liver': {'TP': [8, 8, 7, 8, 4, 5, 8, 9, 7, 8], 'TN': [19, 22, 15, 18, 15, 19, 19, 13, 18, 9], 'FP': [2, 1, 5, 2, 4, 2, 3, 3, 0, 11], 'FN': [6, 4, 8, 7, 11, 8, 4, 9, 9, 6]}, 'bmi': {'TP': [1, 0, 0, 1, 1, 2, 0, 3, 3, 2], 'TN': [2, 2, 3, 0, 3, 2, 1, 1, 0, 1], 'FP': [0, 1, 0, 1, 0, 0, 1, 0, 1, 0], 'FN': [1, 1, 1, 2, 0, 0, 2, 0, 0, 0]}} 
HPF : {'cancer': {'TP': [27, 23, 20, 35, 16, 34, 40, 26, 29, 31], 'TN': [11, 5, 7, 5, 9, 1, 5, 4, 5, 8], 'FP': [12, 17, 16, 9, 20, 16, 7, 20, 20, 15], 'FN': [7, 12, 14, 8, 12, 6, 5, 7, 3, 2]}, 'liver': {'TP': [4, 4, 6, 11, 10, 9, 11, 14, 14, 12], 'TN': [16, 15, 13, 6, 5, 5, 4, 1, 4, 2], 'FP': [5, 8, 7, 14, 14, 16, 18, 15, 14, 18], 'FN': [10, 8, 9, 4, 5, 4, 1, 4, 2, 2]}, 'bmi': {'TP': [1, 0, 0, 2, 1, 2, 2, 2, 3, 2], 'TN': [1, 2, 1, 0, 3, 0, 0, 0, 0, 1], 'FP': [1, 1, 2, 1, 0, 2, 2, 1, 1, 0], 'FN': [1, 1, 1, 1, 0, 0, 0, 1, 0, 0]}} 
RBF : {'cancer': {'TP': [34, 33, 34, 43, 28, 40, 45, 33, 32, 33], 'TN': [18, 15, 1, 1, 1, 0, 2, 0, 1, 2], 'FP': [5, 7, 22, 13, 28, 17, 10, 24, 24, 21], 'FN': [0, 2, 0, 0, 0, 0, 0, 0, 0, 0]}, 'liver': {'TP': [7, 8, 7, 8, 6, 7, 9, 9, 7, 8], 'TN': [19, 22, 16, 18, 14, 16, 17, 12, 17, 10], 'FP': [2, 1, 4, 2, 5, 5, 5, 4, 1, 10], 'FN': [7, 4, 8, 7, 9, 6, 3, 9, 9, 6]}, 'bmi': {'TP': [1, 0, 0, 2, 1, 2, 0, 3, 3, 2], 'TN': [2, 2, 3, 0, 0, 0, 0, 0, 0, 0], 'FP': [0, 1, 0, 1, 3, 2, 2, 1, 1, 1], 'FN': [1, 1, 1, 1, 0, 0, 2, 0, 0, 0]}} 

K-fold nr 0 
SVM : {'cancer': {'TP': [], 'TN': [18, 15, 18, 12, 28, 13, 11, 20, 20, 21], 'FP': [5, 7, 5, 2, 1, 4, 1, 4, 5, 2], 'FN': [0, 3, 3, 1, 1, 1, 1, 0, 0, 2]}, 'liver': {'TP': [8, 8, 7, 8, 4, 5, 8, 9, 7, 8], 'TN': [19, 22, 15, 18, 15, 19, 19, 13, 18, 9], 'FP': [2, 1, 5, 2, 4, 2, 3, 3, 0, 11], 'FN': [6, 4, 8, 7, 11, 8, 4, 9, 9, 6]}, 'bmi': {'TP': [1, 0, 0, 1, 1, 2, 0, 3, 3, 2], 'TN': [2, 2, 3, 0, 3, 2, 1, 1, 0, 1], 'FP': [0, 1, 0, 1, 0, 0, 1, 0, 1, 0], 'FN': [1, 1, 1, 2, 0, 0, 2, 0, 0, 0]}} 
HPF : {'cancer': {'TP': [27, 23, 20, 35, 16, 34, 40, 26, 29, 31], 'TN': [11, 5, 7, 5, 9, 1, 5, 4, 5, 8], 'FP': [12, 17, 16, 9, 20, 16, 7, 20, 20, 15], 'FN': [7, 12, 14, 8, 12, 6, 5, 7, 3, 2]}, 'liver': {'TP': [4, 4, 6, 11, 10, 9, 11, 14, 14, 12], 'TN': [16, 15, 13, 6, 5, 5, 4, 1, 4, 2], 'FP': [5, 8, 7, 14, 14, 16, 18, 15, 14, 18], 'FN': [10, 8, 9, 4, 5, 4, 1, 4, 2, 2]}, 'bmi': {'TP': [1, 0, 0, 2, 1, 2, 2, 2, 3, 2], 'TN': [1, 2, 1, 0, 3, 0, 0, 0, 0, 1], 'FP': [1, 1, 2, 1, 0, 2, 2, 1, 1, 0], 'FN': [1, 1, 1, 1, 0, 0, 0, 1, 0, 0]}} 
RBF : {'cancer': {'TP': [34, 33, 34, 43, 28, 40, 45, 33, 32, 33], 'TN': [18, 15, 1, 1, 1, 0, 2, 0, 1, 2], 'FP': [5, 7, 22, 13, 28, 17, 10, 24, 24, 21], 'FN': [0, 2, 0, 0, 0, 0, 0, 0, 0, 0]}, 'liver': {'TP': [7, 8, 7, 8, 6, 7, 9, 9, 7, 8], 'TN': [19, 22, 16, 18, 14, 16, 17, 12, 17, 10], 'FP': [2, 1, 4, 2, 5, 5, 5, 4, 1, 10], 'FN': [7, 4, 8, 7, 9, 6, 3, 9, 9, 6]}, 'bmi': {'TP': [1, 0, 0, 2, 1, 2, 0, 3, 3, 2], 'TN': [2, 2, 3, 0, 0, 0, 0, 0, 0, 0], 'FP': [0, 1, 0, 1, 3, 2, 2, 1, 1, 1], 'FN': [1, 1, 1, 1, 0, 0, 2, 0, 0, 0]}} 

K-fold nr 0 
SVM : {'cancer': {'TP': [], 'TN': [18, 15, 18, 12, 28, 13, 11, 20, 20, 21], 'FP': [5, 7, 5, 2, 1, 4, 1, 4, 5, 2], 'FN': [0, 3, 3, 1, 1, 1, 1, 0, 0, 2]}, 'liver': {'TP': [8, 8, 7, 8, 4, 5, 8, 9, 7, 8], 'TN': [19, 22, 15, 18, 15, 19, 19, 13, 18, 9], 'FP': [2, 1, 5, 2, 4, 2, 3, 3, 0, 11], 'FN': [6, 4, 8, 7, 11, 8, 4, 9, 9, 6]}, 'bmi': {'TP': [1, 0, 0, 1, 1, 2, 0, 3, 3, 2], 'TN': [2, 2, 3, 0, 3, 2, 1, 1, 0, 1], 'FP': [0, 1, 0, 1, 0, 0, 1, 0, 1, 0], 'FN': [1, 1, 1, 2, 0, 0, 2, 0, 0, 0]}} 
HPF : {'cancer': {'TP': [27, 23, 20, 35, 16, 34, 40, 26, 29, 31], 'TN': [11, 5, 7, 5, 9, 1, 5, 4, 5, 8], 'FP': [12, 17, 16, 9, 20, 16, 7, 20, 20, 15], 'FN': [7, 12, 14, 8, 12, 6, 5, 7, 3, 2]}, 'liver': {'TP': [4, 4, 6, 11, 10, 9, 11, 14, 14, 12], 'TN': [16, 15, 13, 6, 5, 5, 4, 1, 4, 2], 'FP': [5, 8, 7, 14, 14, 16, 18, 15, 14, 18], 'FN': [10, 8, 9, 4, 5, 4, 1, 4, 2, 2]}, 'bmi': {'TP': [1, 0, 0, 2, 1, 2, 2, 2, 3, 2], 'TN': [1, 2, 1, 0, 3, 0, 0, 0, 0, 1], 'FP': [1, 1, 2, 1, 0, 2, 2, 1, 1, 0], 'FN': [1, 1, 1, 1, 0, 0, 0, 1, 0, 0]}} 
RBF : {'cancer': {'TP': [34, 33, 34, 43, 28, 40, 45, 33, 32, 33], 'TN': [18, 15, 1, 1, 1, 0, 2, 0, 1, 2], 'FP': [5, 7, 22, 13, 28, 17, 10, 24, 24, 21], 'FN': [0, 2, 0, 0, 0, 0, 0, 0, 0, 0]}, 'liver': {'TP': [7, 8, 7, 8, 6, 7, 9, 9, 7, 8], 'TN': [19, 22, 16, 18, 14, 16, 17, 12, 17, 10], 'FP': [2, 1, 4, 2, 5, 5, 5, 4, 1, 10], 'FN': [7, 4, 8, 7, 9, 6, 3, 9, 9, 6]}, 'bmi': {'TP': [1, 0, 0, 2, 1, 2, 0, 3, 3, 2], 'TN': [2, 2, 3, 0, 0, 0, 0, 0, 0, 0], 'FP': [0, 1, 0, 1, 3, 2, 2, 1, 1, 1], 'FN': [1, 1, 1, 1, 0, 0, 2, 0, 0, 0]}} 

K-fold nr 0 
SVM : {'cancer': {'TP': [], 'TN': [18, 15, 18, 12, 28, 13, 11, 20, 20, 21], 'FP': [5, 7, 5, 2, 1, 4, 1, 4, 5, 2], 'FN': [0, 3, 3, 1, 1, 1, 1, 0, 0, 2]}, 'liver': {'TP': [8, 8, 7, 8, 4, 5, 8, 9, 7, 8], 'TN': [19, 22, 15, 18, 15, 19, 19, 13, 18, 9], 'FP': [2, 1, 5, 2, 4, 2, 3, 3, 0, 11], 'FN': [6, 4, 8, 7, 11, 8, 4, 9, 9, 6]}, 'bmi': {'TP': [1, 0, 0, 1, 1, 2, 0, 3, 3, 2], 'TN': [2, 2, 3, 0, 3, 2, 1, 1, 0, 1], 'FP': [0, 1, 0, 1, 0, 0, 1, 0, 1, 0], 'FN': [1, 1, 1, 2, 0, 0, 2, 0, 0, 0]}} 
HPF : {'cancer': {'TP': [27, 23, 20, 35, 16, 34, 40, 26, 29, 31], 'TN': [11, 5, 7, 5, 9, 1, 5, 4, 5, 8], 'FP': [12, 17, 16, 9, 20, 16, 7, 20, 20, 15], 'FN': [7, 12, 14, 8, 12, 6, 5, 7, 3, 2]}, 'liver': {'TP': [4, 4, 6, 11, 10, 9, 11, 14, 14, 12], 'TN': [16, 15, 13, 6, 5, 5, 4, 1, 4, 2], 'FP': [5, 8, 7, 14, 14, 16, 18, 15, 14, 18], 'FN': [10, 8, 9, 4, 5, 4, 1, 4, 2, 2]}, 'bmi': {'TP': [1, 0, 0, 2, 1, 2, 2, 2, 3, 2], 'TN': [1, 2, 1, 0, 3, 0, 0, 0, 0, 1], 'FP': [1, 1, 2, 1, 0, 2, 2, 1, 1, 0], 'FN': [1, 1, 1, 1, 0, 0, 0, 1, 0, 0]}} 
RBF : {'cancer': {'TP': [34, 33, 34, 43, 28, 40, 45, 33, 32, 33], 'TN': [18, 15, 1, 1, 1, 0, 2, 0, 1, 2], 'FP': [5, 7, 22, 13, 28, 17, 10, 24, 24, 21], 'FN': [0, 2, 0, 0, 0, 0, 0, 0, 0, 0]}, 'liver': {'TP': [7, 8, 7, 8, 6, 7, 9, 9, 7, 8], 'TN': [19, 22, 16, 18, 14, 16, 17, 12, 17, 10], 'FP': [2, 1, 4, 2, 5, 5, 5, 4, 1, 10], 'FN': [7, 4, 8, 7, 9, 6, 3, 9, 9, 6]}, 'bmi': {'TP': [1, 0, 0, 2, 1, 2, 0, 3, 3, 2], 'TN': [2, 2, 3, 0, 0, 0, 0, 0, 0, 0], 'FP': [0, 1, 0, 1, 3, 2, 2, 1, 1, 1], 'FN': [1, 1, 1, 1, 0, 0, 2, 0, 0, 0]}} 

K-fold nr 0 
SVM : {'cancer': {'TP': [], 'TN': [18, 15, 18, 12, 28, 13, 11, 20, 20, 21], 'FP': [5, 7, 5, 2, 1, 4, 1, 4, 5, 2], 'FN': [0, 3, 3, 1, 1, 1, 1, 0, 0, 2]}, 'liver': {'TP': [8, 8, 7, 8, 4, 5, 8, 9, 7, 8], 'TN': [19, 22, 15, 18, 15, 19, 19, 13, 18, 9], 'FP': [2, 1, 5, 2, 4, 2, 3, 3, 0, 11], 'FN': [6, 4, 8, 7, 11, 8, 4, 9, 9, 6]}, 'bmi': {'TP': [1, 0, 0, 1, 1, 2, 0, 3, 3, 2], 'TN': [2, 2, 3, 0, 3, 2, 1, 1, 0, 1], 'FP': [0, 1, 0, 1, 0, 0, 1, 0, 1, 0], 'FN': [1, 1, 1, 2, 0, 0, 2, 0, 0, 0]}} 
HPF : {'cancer': {'TP': [27, 23, 20, 35, 16, 34, 40, 26, 29, 31], 'TN': [11, 5, 7, 5, 9, 1, 5, 4, 5, 8], 'FP': [12, 17, 16, 9, 20, 16, 7, 20, 20, 15], 'FN': [7, 12, 14, 8, 12, 6, 5, 7, 3, 2]}, 'liver': {'TP': [4, 4, 6, 11, 10, 9, 11, 14, 14, 12], 'TN': [16, 15, 13, 6, 5, 5, 4, 1, 4, 2], 'FP': [5, 8, 7, 14, 14, 16, 18, 15, 14, 18], 'FN': [10, 8, 9, 4, 5, 4, 1, 4, 2, 2]}, 'bmi': {'TP': [1, 0, 0, 2, 1, 2, 2, 2, 3, 2], 'TN': [1, 2, 1, 0, 3, 0, 0, 0, 0, 1], 'FP': [1, 1, 2, 1, 0, 2, 2, 1, 1, 0], 'FN': [1, 1, 1, 1, 0, 0, 0, 1, 0, 0]}} 
RBF : {'cancer': {'TP': [34, 33, 34, 43, 28, 40, 45, 33, 32, 33], 'TN': [18, 15, 1, 1, 1, 0, 2, 0, 1, 2], 'FP': [5, 7, 22, 13, 28, 17, 10, 24, 24, 21], 'FN': [0, 2, 0, 0, 0, 0, 0, 0, 0, 0]}, 'liver': {'TP': [7, 8, 7, 8, 6, 7, 9, 9, 7, 8], 'TN': [19, 22, 16, 18, 14, 16, 17, 12, 17, 10], 'FP': [2, 1, 4, 2, 5, 5, 5, 4, 1, 10], 'FN': [7, 4, 8, 7, 9, 6, 3, 9, 9, 6]}, 'bmi': {'TP': [1, 0, 0, 2, 1, 2, 0, 3, 3, 2], 'TN': [2, 2, 3, 0, 0, 0, 0, 0, 0, 0], 'FP': [0, 1, 0, 1, 3, 2, 2, 1, 1, 1], 'FN': [1, 1, 1, 1, 0, 0, 2, 0, 0, 0]}} 

K-fold nr 0 
SVM : {'cancer': {'TP': [], 'TN': [18, 15, 18, 12, 28, 13, 11, 20, 20, 21], 'FP': [5, 7, 5, 2, 1, 4, 1, 4, 5, 2], 'FN': [0, 3, 3, 1, 1, 1, 1, 0, 0, 2]}, 'liver': {'TP': [8, 8, 7, 8, 4, 5, 8, 9, 7, 8], 'TN': [19, 22, 15, 18, 15, 19, 19, 13, 18, 9], 'FP': [2, 1, 5, 2, 4, 2, 3, 3, 0, 11], 'FN': [6, 4, 8, 7, 11, 8, 4, 9, 9, 6]}, 'bmi': {'TP': [1, 0, 0, 1, 1, 2, 0, 3, 3, 2], 'TN': [2, 2, 3, 0, 3, 2, 1, 1, 0, 1], 'FP': [0, 1, 0, 1, 0, 0, 1, 0, 1, 0], 'FN': [1, 1, 1, 2, 0, 0, 2, 0, 0, 0]}} 
HPF : {'cancer': {'TP': [27, 23, 20, 35, 16, 34, 40, 26, 29, 31], 'TN': [11, 5, 7, 5, 9, 1, 5, 4, 5, 8], 'FP': [12, 17, 16, 9, 20, 16, 7, 20, 20, 15], 'FN': [7, 12, 14, 8, 12, 6, 5, 7, 3, 2]}, 'liver': {'TP': [4, 4, 6, 11, 10, 9, 11, 14, 14, 12], 'TN': [16, 15, 13, 6, 5, 5, 4, 1, 4, 2], 'FP': [5, 8, 7, 14, 14, 16, 18, 15, 14, 18], 'FN': [10, 8, 9, 4, 5, 4, 1, 4, 2, 2]}, 'bmi': {'TP': [1, 0, 0, 2, 1, 2, 2, 2, 3, 2], 'TN': [1, 2, 1, 0, 3, 0, 0, 0, 0, 1], 'FP': [1, 1, 2, 1, 0, 2, 2, 1, 1, 0], 'FN': [1, 1, 1, 1, 0, 0, 0, 1, 0, 0]}} 
RBF : {'cancer': {'TP': [34, 33, 34, 43, 28, 40, 45, 33, 32, 33], 'TN': [18, 15, 1, 1, 1, 0, 2, 0, 1, 2], 'FP': [5, 7, 22, 13, 28, 17, 10, 24, 24, 21], 'FN': [0, 2, 0, 0, 0, 0, 0, 0, 0, 0]}, 'liver': {'TP': [7, 8, 7, 8, 6, 7, 9, 9, 7, 8], 'TN': [19, 22, 16, 18, 14, 16, 17, 12, 17, 10], 'FP': [2, 1, 4, 2, 5, 5, 5, 4, 1, 10], 'FN': [7, 4, 8, 7, 9, 6, 3, 9, 9, 6]}, 'bmi': {'TP': [1, 0, 0, 2, 1, 2, 0, 3, 3, 2], 'TN': [2, 2, 3, 0, 0, 0, 0, 0, 0, 0], 'FP': [0, 1, 0, 1, 3, 2, 2, 1, 1, 1], 'FN': [1, 1, 1, 1, 0, 0, 2, 0, 0, 0]}} 

K-fold nr 0 
SVM : {'cancer': {'TP': [], 'TN': [18, 15, 18, 12, 28, 13, 11, 20, 20, 21], 'FP': [5, 7, 5, 2, 1, 4, 1, 4, 5, 2], 'FN': [0, 3, 3, 1, 1, 1, 1, 0, 0, 2]}, 'liver': {'TP': [8, 8, 7, 8, 4, 5, 8, 9, 7, 8], 'TN': [19, 22, 15, 18, 15, 19, 19, 13, 18, 9], 'FP': [2, 1, 5, 2, 4, 2, 3, 3, 0, 11], 'FN': [6, 4, 8, 7, 11, 8, 4, 9, 9, 6]}, 'bmi': {'TP': [1, 0, 0, 1, 1, 2, 0, 3, 3, 2], 'TN': [2, 2, 3, 0, 3, 2, 1, 1, 0, 1], 'FP': [0, 1, 0, 1, 0, 0, 1, 0, 1, 0], 'FN': [1, 1, 1, 2, 0, 0, 2, 0, 0, 0]}} 
HPF : {'cancer': {'TP': [27, 23, 20, 35, 16, 34, 40, 26, 29, 31], 'TN': [11, 5, 7, 5, 9, 1, 5, 4, 5, 8], 'FP': [12, 17, 16, 9, 20, 16, 7, 20, 20, 15], 'FN': [7, 12, 14, 8, 12, 6, 5, 7, 3, 2]}, 'liver': {'TP': [4, 4, 6, 11, 10, 9, 11, 14, 14, 12], 'TN': [16, 15, 13, 6, 5, 5, 4, 1, 4, 2], 'FP': [5, 8, 7, 14, 14, 16, 18, 15, 14, 18], 'FN': [10, 8, 9, 4, 5, 4, 1, 4, 2, 2]}, 'bmi': {'TP': [1, 0, 0, 2, 1, 2, 2, 2, 3, 2], 'TN': [1, 2, 1, 0, 3, 0, 0, 0, 0, 1], 'FP': [1, 1, 2, 1, 0, 2, 2, 1, 1, 0], 'FN': [1, 1, 1, 1, 0, 0, 0, 1, 0, 0]}} 
RBF : {'cancer': {'TP': [34, 33, 34, 43, 28, 40, 45, 33, 32, 33], 'TN': [18, 15, 1, 1, 1, 0, 2, 0, 1, 2], 'FP': [5, 7, 22, 13, 28, 17, 10, 24, 24, 21], 'FN': [0, 2, 0, 0, 0, 0, 0, 0, 0, 0]}, 'liver': {'TP': [7, 8, 7, 8, 6, 7, 9, 9, 7, 8], 'TN': [19, 22, 16, 18, 14, 16, 17, 12, 17, 10], 'FP': [2, 1, 4, 2, 5, 5, 5, 4, 1, 10], 'FN': [7, 4, 8, 7, 9, 6, 3, 9, 9, 6]}, 'bmi': {'TP': [1, 0, 0, 2, 1, 2, 0, 3, 3, 2], 'TN': [2, 2, 3, 0, 0, 0, 0, 0, 0, 0], 'FP': [0, 1, 0, 1, 3, 2, 2, 1, 1, 1], 'FN': [1, 1, 1, 1, 0, 0, 2, 0, 0, 0]}} 

K-fold nr 0 
SVM : {'cancer': {'TP': [], 'TN': [18, 15, 18, 12, 28, 13, 11, 20, 20, 21], 'FP': [5, 7, 5, 2, 1, 4, 1, 4, 5, 2], 'FN': [0, 3, 3, 1, 1, 1, 1, 0, 0, 2]}, 'liver': {'TP': [8, 8, 7, 8, 4, 5, 8, 9, 7, 8], 'TN': [19, 22, 15, 18, 15, 19, 19, 13, 18, 9], 'FP': [2, 1, 5, 2, 4, 2, 3, 3, 0, 11], 'FN': [6, 4, 8, 7, 11, 8, 4, 9, 9, 6]}, 'bmi': {'TP': [1, 0, 0, 1, 1, 2, 0, 3, 3, 2], 'TN': [2, 2, 3, 0, 3, 2, 1, 1, 0, 1], 'FP': [0, 1, 0, 1, 0, 0, 1, 0, 1, 0], 'FN': [1, 1, 1, 2, 0, 0, 2, 0, 0, 0]}} 
HPF : {'cancer': {'TP': [27, 23, 20, 35, 16, 34, 40, 26, 29, 31], 'TN': [11, 5, 7, 5, 9, 1, 5, 4, 5, 8], 'FP': [12, 17, 16, 9, 20, 16, 7, 20, 20, 15], 'FN': [7, 12, 14, 8, 12, 6, 5, 7, 3, 2]}, 'liver': {'TP': [4, 4, 6, 11, 10, 9, 11, 14, 14, 12], 'TN': [16, 15, 13, 6, 5, 5, 4, 1, 4, 2], 'FP': [5, 8, 7, 14, 14, 16, 18, 15, 14, 18], 'FN': [10, 8, 9, 4, 5, 4, 1, 4, 2, 2]}, 'bmi': {'TP': [1, 0, 0, 2, 1, 2, 2, 2, 3, 2], 'TN': [1, 2, 1, 0, 3, 0, 0, 0, 0, 1], 'FP': [1, 1, 2, 1, 0, 2, 2, 1, 1, 0], 'FN': [1, 1, 1, 1, 0, 0, 0, 1, 0, 0]}} 
RBF : {'cancer': {'TP': [34, 33, 34, 43, 28, 40, 45, 33, 32, 33], 'TN': [18, 15, 1, 1, 1, 0, 2, 0, 1, 2], 'FP': [5, 7, 22, 13, 28, 17, 10, 24, 24, 21], 'FN': [0, 2, 0, 0, 0, 0, 0, 0, 0, 0]}, 'liver': {'TP': [7, 8, 7, 8, 6, 7, 9, 9, 7, 8], 'TN': [19, 22, 16, 18, 14, 16, 17, 12, 17, 10], 'FP': [2, 1, 4, 2, 5, 5, 5, 4, 1, 10], 'FN': [7, 4, 8, 7, 9, 6, 3, 9, 9, 6]}, 'bmi': {'TP': [1, 0, 0, 2, 1, 2, 0, 3, 3, 2], 'TN': [2, 2, 3, 0, 0, 0, 0, 0, 0, 0], 'FP': [0, 1, 0, 1, 3, 2, 2, 1, 1, 1], 'FN': [1, 1, 1, 1, 0, 0, 2, 0, 0, 0]}} 



SVM DATA
K-fold nr 0 
SVM : {'cancer': {'TP': [], 'TN': [18, 15, 18, 12, 28, 13, 11, 20, 20, 21], 'FP': [5, 7, 5, 2, 1, 4, 1, 4, 5, 2], 'FN': [0, 3, 3, 1, 1, 1, 1, 0, 0, 2]}, 'liver': {'TP': [8, 8, 7, 8, 4, 5, 8, 9, 7, 8], 'TN': [19, 22, 15, 18, 15, 19, 19, 13, 18, 9], 'FP': [2, 1, 5, 2, 4, 2, 3, 3, 0, 11], 'FN': [6, 4, 8, 7, 11, 8, 4, 9, 9, 6]}, 'bmi': {'TP': [1, 0, 0, 1, 1, 2, 0, 3, 3, 2], 'TN': [2, 2, 3, 0, 3, 2, 1, 1, 0, 1], 'FP': [0, 1, 0, 1, 0, 0, 1, 0, 1, 0], 'FN': [1, 1, 1, 2, 0, 0, 2, 0, 0, 0]}} 
HPF : {'cancer': {'TP': [27, 23, 20, 35, 16, 34, 40, 26, 29, 31], 'TN': [11, 5, 7, 5, 9, 1, 5, 4, 5, 8], 'FP': [12, 17, 16, 9, 20, 16, 7, 20, 20, 15], 'FN': [7, 12, 14, 8, 12, 6, 5, 7, 3, 2]}, 'liver': {'TP': [4, 4, 6, 11, 10, 9, 11, 14, 14, 12], 'TN': [16, 15, 13, 6, 5, 5, 4, 1, 4, 2], 'FP': [5, 8, 7, 14, 14, 16, 18, 15, 14, 18], 'FN': [10, 8, 9, 4, 5, 4, 1, 4, 2, 2]}, 'bmi': {'TP': [1, 0, 0, 2, 1, 2, 2, 2, 3, 2], 'TN': [1, 2, 1, 0, 3, 0, 0, 0, 0, 1], 'FP': [1, 1, 2, 1, 0, 2, 2, 1, 1, 0], 'FN': [1, 1, 1, 1, 0, 0, 0, 1, 0, 0]}} 
RBF : {'cancer': {'TP': [34, 33, 34, 43, 28, 40, 45, 33, 32, 33], 'TN': [18, 15, 1, 1, 1, 0, 2, 0, 1, 2], 'FP': [5, 7, 22, 13, 28, 17, 10, 24, 24, 21], 'FN': [0, 2, 0, 0, 0, 0, 0, 0, 0, 0]}, 'liver': {'TP': [7, 8, 7, 8, 6, 7, 9, 9, 7, 8], 'TN': [19, 22, 16, 18, 14, 16, 17, 12, 17, 10], 'FP': [2, 1, 4, 2, 5, 5, 5, 4, 1, 10], 'FN': [7, 4, 8, 7, 9, 6, 3, 9, 9, 6]}, 'bmi': {'TP': [1, 0, 0, 2, 1, 2, 0, 3, 3, 2], 'TN': [2, 2, 3, 0, 0, 0, 0, 0, 0, 0], 'FP': [0, 1, 0, 1, 3, 2, 2, 1, 1, 1], 'FN': [1, 1, 1, 1, 0, 0, 2, 0, 0, 0]}} 

K-fold nr 0 
SVM : {'cancer': {'TP': [], 'TN': [18, 15, 18, 12, 28, 13, 11, 20, 20, 21], 'FP': [5, 7, 5, 2, 1, 4, 1, 4, 5, 2], 'FN': [0, 3, 3, 1, 1, 1, 1, 0, 0, 2]}, 'liver': {'TP': [8, 8, 7, 8, 4, 5, 8, 9, 7, 8], 'TN': [19, 22, 15, 18, 15, 19, 19, 13, 18, 9], 'FP': [2, 1, 5, 2, 4, 2, 3, 3, 0, 11], 'FN': [6, 4, 8, 7, 11, 8, 4, 9, 9, 6]}, 'bmi': {'TP': [1, 0, 0, 1, 1, 2, 0, 3, 3, 2], 'TN': [2, 2, 3, 0, 3, 2, 1, 1, 0, 1], 'FP': [0, 1, 0, 1, 0, 0, 1, 0, 1, 0], 'FN': [1, 1, 1, 2, 0, 0, 2, 0, 0, 0]}} 
HPF : {'cancer': {'TP': [27, 23, 20, 35, 16, 34, 40, 26, 29, 31], 'TN': [11, 5, 7, 5, 9, 1, 5, 4, 5, 8], 'FP': [12, 17, 16, 9, 20, 16, 7, 20, 20, 15], 'FN': [7, 12, 14, 8, 12, 6, 5, 7, 3, 2]}, 'liver': {'TP': [4, 4, 6, 11, 10, 9, 11, 14, 14, 12], 'TN': [16, 15, 13, 6, 5, 5, 4, 1, 4, 2], 'FP': [5, 8, 7, 14, 14, 16, 18, 15, 14, 18], 'FN': [10, 8, 9, 4, 5, 4, 1, 4, 2, 2]}, 'bmi': {'TP': [1, 0, 0, 2, 1, 2, 2, 2, 3, 2], 'TN': [1, 2, 1, 0, 3, 0, 0, 0, 0, 1], 'FP': [1, 1, 2, 1, 0, 2, 2, 1, 1, 0], 'FN': [1, 1, 1, 1, 0, 0, 0, 1, 0, 0]}} 
RBF : {'cancer': {'TP': [34, 33, 34, 43, 28, 40, 45, 33, 32, 33], 'TN': [18, 15, 1, 1, 1, 0, 2, 0, 1, 2], 'FP': [5, 7, 22, 13, 28, 17, 10, 24, 24, 21], 'FN': [0, 2, 0, 0, 0, 0, 0, 0, 0, 0]}, 'liver': {'TP': [7, 8, 7, 8, 6, 7, 9, 9, 7, 8], 'TN': [19, 22, 16, 18, 14, 16, 17, 12, 17, 10], 'FP': [2, 1, 4, 2, 5, 5, 5, 4, 1, 10], 'FN': [7, 4, 8, 7, 9, 6, 3, 9, 9, 6]}, 'bmi': {'TP': [1, 0, 0, 2, 1, 2, 0, 3, 3, 2], 'TN': [2, 2, 3, 0, 0, 0, 0, 0, 0, 0], 'FP': [0, 1, 0, 1, 3, 2, 2, 1, 1, 1], 'FN': [1, 1, 1, 1, 0, 0, 2, 0, 0, 0]}} 

K-fold nr 0 
SVM : {'cancer': {'TP': [], 'TN': [18, 15, 18, 12, 28, 13, 11, 20, 20, 21], 'FP': [5, 7, 5, 2, 1, 4, 1, 4, 5, 2], 'FN': [0, 3, 3, 1, 1, 1, 1, 0, 0, 2]}, 'liver': {'TP': [8, 8, 7, 8, 4, 5, 8, 9, 7, 8], 'TN': [19, 22, 15, 18, 15, 19, 19, 13, 18, 9], 'FP': [2, 1, 5, 2, 4, 2, 3, 3, 0, 11], 'FN': [6, 4, 8, 7, 11, 8, 4, 9, 9, 6]}, 'bmi': {'TP': [1, 0, 0, 1, 1, 2, 0, 3, 3, 2], 'TN': [2, 2, 3, 0, 3, 2, 1, 1, 0, 1], 'FP': [0, 1, 0, 1, 0, 0, 1, 0, 1, 0], 'FN': [1, 1, 1, 2, 0, 0, 2, 0, 0, 0]}} 
HPF : {'cancer': {'TP': [27, 23, 20, 35, 16, 34, 40, 26, 29, 31], 'TN': [11, 5, 7, 5, 9, 1, 5, 4, 5, 8], 'FP': [12, 17, 16, 9, 20, 16, 7, 20, 20, 15], 'FN': [7, 12, 14, 8, 12, 6, 5, 7, 3, 2]}, 'liver': {'TP': [4, 4, 6, 11, 10, 9, 11, 14, 14, 12], 'TN': [16, 15, 13, 6, 5, 5, 4, 1, 4, 2], 'FP': [5, 8, 7, 14, 14, 16, 18, 15, 14, 18], 'FN': [10, 8, 9, 4, 5, 4, 1, 4, 2, 2]}, 'bmi': {'TP': [1, 0, 0, 2, 1, 2, 2, 2, 3, 2], 'TN': [1, 2, 1, 0, 3, 0, 0, 0, 0, 1], 'FP': [1, 1, 2, 1, 0, 2, 2, 1, 1, 0], 'FN': [1, 1, 1, 1, 0, 0, 0, 1, 0, 0]}} 
RBF : {'cancer': {'TP': [34, 33, 34, 43, 28, 40, 45, 33, 32, 33], 'TN': [18, 15, 1, 1, 1, 0, 2, 0, 1, 2], 'FP': [5, 7, 22, 13, 28, 17, 10, 24, 24, 21], 'FN': [0, 2, 0, 0, 0, 0, 0, 0, 0, 0]}, 'liver': {'TP': [7, 8, 7, 8, 6, 7, 9, 9, 7, 8], 'TN': [19, 22, 16, 18, 14, 16, 17, 12, 17, 10], 'FP': [2, 1, 4, 2, 5, 5, 5, 4, 1, 10], 'FN': [7, 4, 8, 7, 9, 6, 3, 9, 9, 6]}, 'bmi': {'TP': [1, 0, 0, 2, 1, 2, 0, 3, 3, 2], 'TN': [2, 2, 3, 0, 0, 0, 0, 0, 0, 0], 'FP': [0, 1, 0, 1, 3, 2, 2, 1, 1, 1], 'FN': [1, 1, 1, 1, 0, 0, 2, 0, 0, 0]}} 

K-fold nr 0 
SVM : {'cancer': {'TP': [], 'TN': [18, 15, 18, 12, 28, 13, 11, 20, 20, 21], 'FP': [5, 7, 5, 2, 1, 4, 1, 4, 5, 2], 'FN': [0, 3, 3, 1, 1, 1, 1, 0, 0, 2]}, 'liver': {'TP': [8, 8, 7, 8, 4, 5, 8, 9, 7, 8], 'TN': [19, 22, 15, 18, 15, 19, 19, 13, 18, 9], 'FP': [2, 1, 5, 2, 4, 2, 3, 3, 0, 11], 'FN': [6, 4, 8, 7, 11, 8, 4, 9, 9, 6]}, 'bmi': {'TP': [1, 0, 0, 1, 1, 2, 0, 3, 3, 2], 'TN': [2, 2, 3, 0, 3, 2, 1, 1, 0, 1], 'FP': [0, 1, 0, 1, 0, 0, 1, 0, 1, 0], 'FN': [1, 1, 1, 2, 0, 0, 2, 0, 0, 0]}} 
HPF : {'cancer': {'TP': [27, 23, 20, 35, 16, 34, 40, 26, 29, 31], 'TN': [11, 5, 7, 5, 9, 1, 5, 4, 5, 8], 'FP': [12, 17, 16, 9, 20, 16, 7, 20, 20, 15], 'FN': [7, 12, 14, 8, 12, 6, 5, 7, 3, 2]}, 'liver': {'TP': [4, 4, 6, 11, 10, 9, 11, 14, 14, 12], 'TN': [16, 15, 13, 6, 5, 5, 4, 1, 4, 2], 'FP': [5, 8, 7, 14, 14, 16, 18, 15, 14, 18], 'FN': [10, 8, 9, 4, 5, 4, 1, 4, 2, 2]}, 'bmi': {'TP': [1, 0, 0, 2, 1, 2, 2, 2, 3, 2], 'TN': [1, 2, 1, 0, 3, 0, 0, 0, 0, 1], 'FP': [1, 1, 2, 1, 0, 2, 2, 1, 1, 0], 'FN': [1, 1, 1, 1, 0, 0, 0, 1, 0, 0]}} 
RBF : {'cancer': {'TP': [34, 33, 34, 43, 28, 40, 45, 33, 32, 33], 'TN': [18, 15, 1, 1, 1, 0, 2, 0, 1, 2], 'FP': [5, 7, 22, 13, 28, 17, 10, 24, 24, 21], 'FN': [0, 2, 0, 0, 0, 0, 0, 0, 0, 0]}, 'liver': {'TP': [7, 8, 7, 8, 6, 7, 9, 9, 7, 8], 'TN': [19, 22, 16, 18, 14, 16, 17, 12, 17, 10], 'FP': [2, 1, 4, 2, 5, 5, 5, 4, 1, 10], 'FN': [7, 4, 8, 7, 9, 6, 3, 9, 9, 6]}, 'bmi': {'TP': [1, 0, 0, 2, 1, 2, 0, 3, 3, 2], 'TN': [2, 2, 3, 0, 0, 0, 0, 0, 0, 0], 'FP': [0, 1, 0, 1, 3, 2, 2, 1, 1, 1], 'FN': [1, 1, 1, 1, 0, 0, 2, 0, 0, 0]}} 

K-fold nr 0 
SVM : {'cancer': {'TP': [], 'TN': [18, 15, 18, 12, 28, 13, 11, 20, 20, 21], 'FP': [5, 7, 5, 2, 1, 4, 1, 4, 5, 2], 'FN': [0, 3, 3, 1, 1, 1, 1, 0, 0, 2]}, 'liver': {'TP': [8, 8, 7, 8, 4, 5, 8, 9, 7, 8], 'TN': [19, 22, 15, 18, 15, 19, 19, 13, 18, 9], 'FP': [2, 1, 5, 2, 4, 2, 3, 3, 0, 11], 'FN': [6, 4, 8, 7, 11, 8, 4, 9, 9, 6]}, 'bmi': {'TP': [1, 0, 0, 1, 1, 2, 0, 3, 3, 2], 'TN': [2, 2, 3, 0, 3, 2, 1, 1, 0, 1], 'FP': [0, 1, 0, 1, 0, 0, 1, 0, 1, 0], 'FN': [1, 1, 1, 2, 0, 0, 2, 0, 0, 0]}} 
HPF : {'cancer': {'TP': [27, 23, 20, 35, 16, 34, 40, 26, 29, 31], 'TN': [11, 5, 7, 5, 9, 1, 5, 4, 5, 8], 'FP': [12, 17, 16, 9, 20, 16, 7, 20, 20, 15], 'FN': [7, 12, 14, 8, 12, 6, 5, 7, 3, 2]}, 'liver': {'TP': [4, 4, 6, 11, 10, 9, 11, 14, 14, 12], 'TN': [16, 15, 13, 6, 5, 5, 4, 1, 4, 2], 'FP': [5, 8, 7, 14, 14, 16, 18, 15, 14, 18], 'FN': [10, 8, 9, 4, 5, 4, 1, 4, 2, 2]}, 'bmi': {'TP': [1, 0, 0, 2, 1, 2, 2, 2, 3, 2], 'TN': [1, 2, 1, 0, 3, 0, 0, 0, 0, 1], 'FP': [1, 1, 2, 1, 0, 2, 2, 1, 1, 0], 'FN': [1, 1, 1, 1, 0, 0, 0, 1, 0, 0]}} 
RBF : {'cancer': {'TP': [34, 33, 34, 43, 28, 40, 45, 33, 32, 33], 'TN': [18, 15, 1, 1, 1, 0, 2, 0, 1, 2], 'FP': [5, 7, 22, 13, 28, 17, 10, 24, 24, 21], 'FN': [0, 2, 0, 0, 0, 0, 0, 0, 0, 0]}, 'liver': {'TP': [7, 8, 7, 8, 6, 7, 9, 9, 7, 8], 'TN': [19, 22, 16, 18, 14, 16, 17, 12, 17, 10], 'FP': [2, 1, 4, 2, 5, 5, 5, 4, 1, 10], 'FN': [7, 4, 8, 7, 9, 6, 3, 9, 9, 6]}, 'bmi': {'TP': [1, 0, 0, 2, 1, 2, 0, 3, 3, 2], 'TN': [2, 2, 3, 0, 0, 0, 0, 0, 0, 0], 'FP': [0, 1, 0, 1, 3, 2, 2, 1, 1, 1], 'FN': [1, 1, 1, 1, 0, 0, 2, 0, 0, 0]}} 

K-fold nr 0 
SVM : {'cancer': {'TP': [], 'TN': [18, 15, 18, 12, 28, 13, 11, 20, 20, 21], 'FP': [5, 7, 5, 2, 1, 4, 1, 4, 5, 2], 'FN': [0, 3, 3, 1, 1, 1, 1, 0, 0, 2]}, 'liver': {'TP': [8, 8, 7, 8, 4, 5, 8, 9, 7, 8], 'TN': [19, 22, 15, 18, 15, 19, 19, 13, 18, 9], 'FP': [2, 1, 5, 2, 4, 2, 3, 3, 0, 11], 'FN': [6, 4, 8, 7, 11, 8, 4, 9, 9, 6]}, 'bmi': {'TP': [1, 0, 0, 1, 1, 2, 0, 3, 3, 2], 'TN': [2, 2, 3, 0, 3, 2, 1, 1, 0, 1], 'FP': [0, 1, 0, 1, 0, 0, 1, 0, 1, 0], 'FN': [1, 1, 1, 2, 0, 0, 2, 0, 0, 0]}} 
HPF : {'cancer': {'TP': [27, 23, 20, 35, 16, 34, 40, 26, 29, 31], 'TN': [11, 5, 7, 5, 9, 1, 5, 4, 5, 8], 'FP': [12, 17, 16, 9, 20, 16, 7, 20, 20, 15], 'FN': [7, 12, 14, 8, 12, 6, 5, 7, 3, 2]}, 'liver': {'TP': [4, 4, 6, 11, 10, 9, 11, 14, 14, 12], 'TN': [16, 15, 13, 6, 5, 5, 4, 1, 4, 2], 'FP': [5, 8, 7, 14, 14, 16, 18, 15, 14, 18], 'FN': [10, 8, 9, 4, 5, 4, 1, 4, 2, 2]}, 'bmi': {'TP': [1, 0, 0, 2, 1, 2, 2, 2, 3, 2], 'TN': [1, 2, 1, 0, 3, 0, 0, 0, 0, 1], 'FP': [1, 1, 2, 1, 0, 2, 2, 1, 1, 0], 'FN': [1, 1, 1, 1, 0, 0, 0, 1, 0, 0]}} 
RBF : {'cancer': {'TP': [34, 33, 34, 43, 28, 40, 45, 33, 32, 33], 'TN': [18, 15, 1, 1, 1, 0, 2, 0, 1, 2], 'FP': [5, 7, 22, 13, 28, 17, 10, 24, 24, 21], 'FN': [0, 2, 0, 0, 0, 0, 0, 0, 0, 0]}, 'liver': {'TP': [7, 8, 7, 8, 6, 7, 9, 9, 7, 8], 'TN': [19, 22, 16, 18, 14, 16, 17, 12, 17, 10], 'FP': [2, 1, 4, 2, 5, 5, 5, 4, 1, 10], 'FN': [7, 4, 8, 7, 9, 6, 3, 9, 9, 6]}, 'bmi': {'TP': [1, 0, 0, 2, 1, 2, 0, 3, 3, 2], 'TN': [2, 2, 3, 0, 0, 0, 0, 0, 0, 0], 'FP': [0, 1, 0, 1, 3, 2, 2, 1, 1, 1], 'FN': [1, 1, 1, 1, 0, 0, 2, 0, 0, 0]}} 

K-fold nr 0 
SVM : {'cancer': {'TP': [], 'TN': [18, 15, 18, 12, 28, 13, 11, 20, 20, 21], 'FP': [5, 7, 5, 2, 1, 4, 1, 4, 5, 2], 'FN': [0, 3, 3, 1, 1, 1, 1, 0, 0, 2]}, 'liver': {'TP': [8, 8, 7, 8, 4, 5, 8, 9, 7, 8], 'TN': [19, 22, 15, 18, 15, 19, 19, 13, 18, 9], 'FP': [2, 1, 5, 2, 4, 2, 3, 3, 0, 11], 'FN': [6, 4, 8, 7, 11, 8, 4, 9, 9, 6]}, 'bmi': {'TP': [1, 0, 0, 1, 1, 2, 0, 3, 3, 2], 'TN': [2, 2, 3, 0, 3, 2, 1, 1, 0, 1], 'FP': [0, 1, 0, 1, 0, 0, 1, 0, 1, 0], 'FN': [1, 1, 1, 2, 0, 0, 2, 0, 0, 0]}} 
HPF : {'cancer': {'TP': [27, 23, 20, 35, 16, 34, 40, 26, 29, 31], 'TN': [11, 5, 7, 5, 9, 1, 5, 4, 5, 8], 'FP': [12, 17, 16, 9, 20, 16, 7, 20, 20, 15], 'FN': [7, 12, 14, 8, 12, 6, 5, 7, 3, 2]}, 'liver': {'TP': [4, 4, 6, 11, 10, 9, 11, 14, 14, 12], 'TN': [16, 15, 13, 6, 5, 5, 4, 1, 4, 2], 'FP': [5, 8, 7, 14, 14, 16, 18, 15, 14, 18], 'FN': [10, 8, 9, 4, 5, 4, 1, 4, 2, 2]}, 'bmi': {'TP': [1, 0, 0, 2, 1, 2, 2, 2, 3, 2], 'TN': [1, 2, 1, 0, 3, 0, 0, 0, 0, 1], 'FP': [1, 1, 2, 1, 0, 2, 2, 1, 1, 0], 'FN': [1, 1, 1, 1, 0, 0, 0, 1, 0, 0]}} 
RBF : {'cancer': {'TP': [34, 33, 34, 43, 28, 40, 45, 33, 32, 33], 'TN': [18, 15, 1, 1, 1, 0, 2, 0, 1, 2], 'FP': [5, 7, 22, 13, 28, 17, 10, 24, 24, 21], 'FN': [0, 2, 0, 0, 0, 0, 0, 0, 0, 0]}, 'liver': {'TP': [7, 8, 7, 8, 6, 7, 9, 9, 7, 8], 'TN': [19, 22, 16, 18, 14, 16, 17, 12, 17, 10], 'FP': [2, 1, 4, 2, 5, 5, 5, 4, 1, 10], 'FN': [7, 4, 8, 7, 9, 6, 3, 9, 9, 6]}, 'bmi': {'TP': [1, 0, 0, 2, 1, 2, 0, 3, 3, 2], 'TN': [2, 2, 3, 0, 0, 0, 0, 0, 0, 0], 'FP': [0, 1, 0, 1, 3, 2, 2, 1, 1, 1], 'FN': [1, 1, 1, 1, 0, 0, 2, 0, 0, 0]}} 

K-fold nr 0 
SVM : {'cancer': {'TP': [], 'TN': [18, 15, 18, 12, 28, 13, 11, 20, 20, 21], 'FP': [5, 7, 5, 2, 1, 4, 1, 4, 5, 2], 'FN': [0, 3, 3, 1, 1, 1, 1, 0, 0, 2]}, 'liver': {'TP': [8, 8, 7, 8, 4, 5, 8, 9, 7, 8], 'TN': [19, 22, 15, 18, 15, 19, 19, 13, 18, 9], 'FP': [2, 1, 5, 2, 4, 2, 3, 3, 0, 11], 'FN': [6, 4, 8, 7, 11, 8, 4, 9, 9, 6]}, 'bmi': {'TP': [1, 0, 0, 1, 1, 2, 0, 3, 3, 2], 'TN': [2, 2, 3, 0, 3, 2, 1, 1, 0, 1], 'FP': [0, 1, 0, 1, 0, 0, 1, 0, 1, 0], 'FN': [1, 1, 1, 2, 0, 0, 2, 0, 0, 0]}} 
HPF : {'cancer': {'TP': [27, 23, 20, 35, 16, 34, 40, 26, 29, 31], 'TN': [11, 5, 7, 5, 9, 1, 5, 4, 5, 8], 'FP': [12, 17, 16, 9, 20, 16, 7, 20, 20, 15], 'FN': [7, 12, 14, 8, 12, 6, 5, 7, 3, 2]}, 'liver': {'TP': [4, 4, 6, 11, 10, 9, 11, 14, 14, 12], 'TN': [16, 15, 13, 6, 5, 5, 4, 1, 4, 2], 'FP': [5, 8, 7, 14, 14, 16, 18, 15, 14, 18], 'FN': [10, 8, 9, 4, 5, 4, 1, 4, 2, 2]}, 'bmi': {'TP': [1, 0, 0, 2, 1, 2, 2, 2, 3, 2], 'TN': [1, 2, 1, 0, 3, 0, 0, 0, 0, 1], 'FP': [1, 1, 2, 1, 0, 2, 2, 1, 1, 0], 'FN': [1, 1, 1, 1, 0, 0, 0, 1, 0, 0]}} 
RBF : {'cancer': {'TP': [34, 33, 34, 43, 28, 40, 45, 33, 32, 33], 'TN': [18, 15, 1, 1, 1, 0, 2, 0, 1, 2], 'FP': [5, 7, 22, 13, 28, 17, 10, 24, 24, 21], 'FN': [0, 2, 0, 0, 0, 0, 0, 0, 0, 0]}, 'liver': {'TP': [7, 8, 7, 8, 6, 7, 9, 9, 7, 8], 'TN': [19, 22, 16, 18, 14, 16, 17, 12, 17, 10], 'FP': [2, 1, 4, 2, 5, 5, 5, 4, 1, 10], 'FN': [7, 4, 8, 7, 9, 6, 3, 9, 9, 6]}, 'bmi': {'TP': [1, 0, 0, 2, 1, 2, 0, 3, 3, 2], 'TN': [2, 2, 3, 0, 0, 0, 0, 0, 0, 0], 'FP': [0, 1, 0, 1, 3, 2, 2, 1, 1, 1], 'FN': [1, 1, 1, 1, 0, 0, 2, 0, 0, 0]}} 

K-fold nr 0 
SVM : {'cancer': {'TP': [], 'TN': [18, 15, 18, 12, 28, 13, 11, 20, 20, 21], 'FP': [5, 7, 5, 2, 1, 4, 1, 4, 5, 2], 'FN': [0, 3, 3, 1, 1, 1, 1, 0, 0, 2]}, 'liver': {'TP': [8, 8, 7, 8, 4, 5, 8, 9, 7, 8], 'TN': [19, 22, 15, 18, 15, 19, 19, 13, 18, 9], 'FP': [2, 1, 5, 2, 4, 2, 3, 3, 0, 11], 'FN': [6, 4, 8, 7, 11, 8, 4, 9, 9, 6]}, 'bmi': {'TP': [1, 0, 0, 1, 1, 2, 0, 3, 3, 2], 'TN': [2, 2, 3, 0, 3, 2, 1, 1, 0, 1], 'FP': [0, 1, 0, 1, 0, 0, 1, 0, 1, 0], 'FN': [1, 1, 1, 2, 0, 0, 2, 0, 0, 0]}} 
HPF : {'cancer': {'TP': [27, 23, 20, 35, 16, 34, 40, 26, 29, 31], 'TN': [11, 5, 7, 5, 9, 1, 5, 4, 5, 8], 'FP': [12, 17, 16, 9, 20, 16, 7, 20, 20, 15], 'FN': [7, 12, 14, 8, 12, 6, 5, 7, 3, 2]}, 'liver': {'TP': [4, 4, 6, 11, 10, 9, 11, 14, 14, 12], 'TN': [16, 15, 13, 6, 5, 5, 4, 1, 4, 2], 'FP': [5, 8, 7, 14, 14, 16, 18, 15, 14, 18], 'FN': [10, 8, 9, 4, 5, 4, 1, 4, 2, 2]}, 'bmi': {'TP': [1, 0, 0, 2, 1, 2, 2, 2, 3, 2], 'TN': [1, 2, 1, 0, 3, 0, 0, 0, 0, 1], 'FP': [1, 1, 2, 1, 0, 2, 2, 1, 1, 0], 'FN': [1, 1, 1, 1, 0, 0, 0, 1, 0, 0]}} 
RBF : {'cancer': {'TP': [34, 33, 34, 43, 28, 40, 45, 33, 32, 33], 'TN': [18, 15, 1, 1, 1, 0, 2, 0, 1, 2], 'FP': [5, 7, 22, 13, 28, 17, 10, 24, 24, 21], 'FN': [0, 2, 0, 0, 0, 0, 0, 0, 0, 0]}, 'liver': {'TP': [7, 8, 7, 8, 6, 7, 9, 9, 7, 8], 'TN': [19, 22, 16, 18, 14, 16, 17, 12, 17, 10], 'FP': [2, 1, 4, 2, 5, 5, 5, 4, 1, 10], 'FN': [7, 4, 8, 7, 9, 6, 3, 9, 9, 6]}, 'bmi': {'TP': [1, 0, 0, 2, 1, 2, 0, 3, 3, 2], 'TN': [2, 2, 3, 0, 0, 0, 0, 0, 0, 0], 'FP': [0, 1, 0, 1, 3, 2, 2, 1, 1, 1], 'FN': [1, 1, 1, 1, 0, 0, 2, 0, 0, 0]}} 

K-fold nr 0 
SVM : {'cancer': {'TP': [], 'TN': [18, 15, 18, 12, 28, 13, 11, 20, 20, 21], 'FP': [5, 7, 5, 2, 1, 4, 1, 4, 5, 2], 'FN': [0, 3, 3, 1, 1, 1, 1, 0, 0, 2]}, 'liver': {'TP': [8, 8, 7, 8, 4, 5, 8, 9, 7, 8], 'TN': [19, 22, 15, 18, 15, 19, 19, 13, 18, 9], 'FP': [2, 1, 5, 2, 4, 2, 3, 3, 0, 11], 'FN': [6, 4, 8, 7, 11, 8, 4, 9, 9, 6]}, 'bmi': {'TP': [1, 0, 0, 1, 1, 2, 0, 3, 3, 2], 'TN': [2, 2, 3, 0, 3, 2, 1, 1, 0, 1], 'FP': [0, 1, 0, 1, 0, 0, 1, 0, 1, 0], 'FN': [1, 1, 1, 2, 0, 0, 2, 0, 0, 0]}} 
HPF : {'cancer': {'TP': [27, 23, 20, 35, 16, 34, 40, 26, 29, 31], 'TN': [11, 5, 7, 5, 9, 1, 5, 4, 5, 8], 'FP': [12, 17, 16, 9, 20, 16, 7, 20, 20, 15], 'FN': [7, 12, 14, 8, 12, 6, 5, 7, 3, 2]}, 'liver': {'TP': [4, 4, 6, 11, 10, 9, 11, 14, 14, 12], 'TN': [16, 15, 13, 6, 5, 5, 4, 1, 4, 2], 'FP': [5, 8, 7, 14, 14, 16, 18, 15, 14, 18], 'FN': [10, 8, 9, 4, 5, 4, 1, 4, 2, 2]}, 'bmi': {'TP': [1, 0, 0, 2, 1, 2, 2, 2, 3, 2], 'TN': [1, 2, 1, 0, 3, 0, 0, 0, 0, 1], 'FP': [1, 1, 2, 1, 0, 2, 2, 1, 1, 0], 'FN': [1, 1, 1, 1, 0, 0, 0, 1, 0, 0]}} 
RBF : {'cancer': {'TP': [34, 33, 34, 43, 28, 40, 45, 33, 32, 33], 'TN': [18, 15, 1, 1, 1, 0, 2, 0, 1, 2], 'FP': [5, 7, 22, 13, 28, 17, 10, 24, 24, 21], 'FN': [0, 2, 0, 0, 0, 0, 0, 0, 0, 0]}, 'liver': {'TP': [7, 8, 7, 8, 6, 7, 9, 9, 7, 8], 'TN': [19, 22, 16, 18, 14, 16, 17, 12, 17, 10], 'FP': [2, 1, 4, 2, 5, 5, 5, 4, 1, 10], 'FN': [7, 4, 8, 7, 9, 6, 3, 9, 9, 6]}, 'bmi': {'TP': [1, 0, 0, 2, 1, 2, 0, 3, 3, 2], 'TN': [2, 2, 3, 0, 0, 0, 0, 0, 0, 0], 'FP': [0, 1, 0, 1, 3, 2, 2, 1, 1, 1], 'FN': [1, 1, 1, 1, 0, 0, 2, 0, 0, 0]}} 

